Dimension = 2
constraints for the original domain: (Ax + b > 0)
(1, 0, 0) 	=> 1 * x1  + 0 * x2 + 0 >= 0
(-1, 0, 1)  => -1 * x1 + 0 * x2  + 1 >= 0
(0, 1, 0) 	=> 0 * x1 + 1 * x2  + 0 >= 0
(0, -1, 1)	 => 0 * x1 + -1 * x2  + 1 >= 0

computed vertex: [[1.0, 0.0], [0.0, 0.0], [0.0, 1.0], [1.0, 1.0]]

intersection (Ax + b = 0)
coefficients:  [-38.  28.] constant:  0.0
Node ID: -1, Vertices: [[0.0, 0.0], [1.0, 0.0], [1.0, 1.0], [0.7368421052631579, 1.0]], Record: (-38, 28, 0.0)
Node ID: 1, Vertices: [[0.0, 0.0], [0.7368421052631579, 1.0], [0.0, 1.0]], Record: (-38, 28, 0.0)




Dimension = 3
constraints for the original domain: (Ax + b > 0)
(1, 0, 0, 0)
(-1, 0, 0, 1)
(0, 1, 0, 0)
(0, -1, 0, 1)
(0, 0, 1, 0)
(0, 0, -1, 1)


intersection (Ax + b = 0)
coefficients:  [ 44.  45. -36.] constant:  0.0
Node ID: -1, Vertices: [[0.0, 0.0, 0.0], [0.8181818181818182, 0.0, 1.0], [0.0, 0.0, 1.0], [0.0, 0.8000000000000002, 1.0]], Record: (44, 45, -36, 0.0)
Node ID: 1, Vertices: [[1.0, 1.0, 0.0], [0.0, 1.0, 0.0], [1.0, 0.0, 0.0], [0.0, 0.0, 0.0], [1.0, 0.0, 1.0], [0.8181818181818181, 0.0, 1.0], [0.0, 0.8, 1.0], [1.0, 1.0, 1.0], [0.0, 1.0, 1.0]], Record: (44, 45, -36, 0.0)



Dimension = 4
constraints for the original domain: (Ax + b > 0)
(1, 0, 0, 0, 0)
(-1, 0, 0, 0, 1)
(0, 1, 0, 0, 0)
(0, -1, 0, 0, 1)
(0, 0, 1, 0, 0)
(0, 0, -1, 0, 1)
(0, 0, 0, 1, 0)
(0, 0, 0, -1, 1)

intersection (Ax + b = 0)
coefficients:  [  4.  59. -20.  21.] constant:  0.0
Node ID: -1, Vertices: [[1.0, 0.0, 0.2, 0.0], [0.0, 0.0, 0.0, 0.0], [1.0, 0.0, 1.0, 0.7619047619047619], [1.0, 0.0, 1.0, 0.0], [0.0, 0.0, 1.0, 0.0], [0.0, 0.0, 1.0, 0.9523809523809523], [0.0, 0.3389830508474576, 1.0, 0.0], [1.0, 0.2711864406779661, 1.0, 0.0]], Record: (4, 59, -20, 21, 0.0)
Node ID: 1, Vertices: [[0.0, 1.0, 1.0, 0.0], [1.0, 1.0, 1.0, 0.0], [1.0, 0.2711864406779661, 1.0, 0.0], [0.0, 0.3389830508474576, 1.0, 0.0], [0.0, 0.0, 1.0, 0.9523809523809523], [1.0, 0.0, 1.0, 0.7619047619047619], [0.0, 0.0, 0.0, 0.0], [1.0, 0.0, 0.2, 0.0], [1.0, 0.0, 0.0, 0.0], [0.0, 1.0, 0.0, 0.0], [1.0, 1.0, 0.0, 0.0], [0.0, 0.0, 0.0, 1.0], [1.0, 0.0, 0.0, 1.0], [0.0, 1.0, 0.0, 1.0], [1.0, 1.0, 0.0, 1.0], [1.0, 0.0, 1.0, 1.0], [0.0, 0.0, 1.0, 1.0], [1.0, 1.0, 1.0, 1.0], [0.0, 1.0, 1.0, 1.0]], Record: (4, 59, -20, 21, 0.0)





Dimension = 5
constraints for the original domain: (Ax + b > 0)
(1, 0, 0, 0, 0, 0)
(-1, 0, 0, 0, 0, 1)
(0, 1, 0, 0, 0, 0)
(0, -1, 0, 0, 0, 1)
(0, 0, 1, 0, 0, 0)
(0, 0, -1, 0, 0, 1)
(0, 0, 0, 1, 0, 0)
(0, 0, 0, -1, 0, 1)
(0, 0, 0, 0, 1, 0)
(0, 0, 0, 0, -1, 1)

intersection (Ax + b = 0)
coefficients:  [-90.  -6.  -2.  -4.  17.] constant:  0.0
Node ID: -1, Vertices: [[0.0, 1.0, 1.0, 1.0, 0.7058823529411764], [0.0, 0.0, 1.0, 1.0, 0.3529411764705882], [1.0, 1.0, 1.0, 1.0, 0.0], [0.0, 1.0, 1.0, 1.0, 0.0], [1.0, 0.0, 1.0, 1.0, 0.0], [0.0, 0.0, 1.0, 1.0, 0.0], [0.0, 1.0, 0.0, 1.0, 0.5882352941176471], [1.0, 1.0, 0.0, 1.0, 0.0], [0.0, 1.0, 0.0, 1.0, 0.0], [0.0, 0.0, 0.0, 1.0, 0.23529411764705882], [1.0, 0.0, 0.0, 1.0, 0.0], [0.0, 0.0, 0.0, 1.0, 0.0], [0.0, 1.0, 0.0, 0.0, 0.3529411764705882], [1.0, 1.0, 0.0, 0.0, 0.0], [0.0, 1.0, 0.0, 0.0, 0.0], [1.0, 0.0, 0.0, 0.0, 0.0], [0.0, 0.0, 0.0, 0.0, 0.0], [0.0, 0.0, 1.0, 0.0, 0.0], [1.0, 0.0, 1.0, 0.0, 0.0], [0.0, 0.0, 1.0, 0.0, 0.11764705882352941], [0.0, 1.0, 1.0, 0.0, 0.0], [1.0, 1.0, 1.0, 0.0, 0.0], [0.0, 1.0, 1.0, 0.0, 0.47058823529411764], [1.0, 0.0, 0.0, 0.0, 1.0], [0.18888888888888888, 0.0, 0.0, 0.0, 1.0], [1.0, 1.0, 0.0, 0.0, 1.0], [0.12222222222222222, 1.0, 0.0, 0.0, 1.0], [1.0, 0.0, 1.0, 0.0, 1.0], [0.16666666666666666, 0.0, 1.0, 0.0, 1.0000000000000002], [1.0, 1.0, 1.0, 0.0, 1.0], [0.10000000000000002, 1.0, 1.0, 0.0, 1.0], [1.0, 0.0, 0.0, 1.0, 1.0], [0.14444444444444443, 0.0, 0.0, 1.0, 1.0], [1.0, 1.0, 0.0, 1.0, 1.0], [0.07777777777777778, 1.0, 0.0, 1.0, 1.0000000000000002], [1.0, 0.0, 1.0, 1.0, 1.0], [0.12222222222222222, 0.0, 1.0, 1.0, 1.0000000000000002], [1.0, 1.0, 1.0, 1.0, 1.0], [0.055555555555555566, 1.0, 1.0, 1.0, 1.0]], Record: (-90, -6, -2, -4, 17, 0.0)
Node ID: 1, Vertices: [[0.0, 1.0, 1.0, 1.0, 0.7058823529411764], [0.0, 0.0, 1.0, 1.0, 0.3529411764705882], [0.0, 1.0, 0.0, 1.0, 0.5882352941176471], [0.0, 0.0, 0.0, 1.0, 0.23529411764705882], [0.0, 1.0, 0.0, 0.0, 0.3529411764705882], [0.0, 0.0, 0.0, 0.0, 0.0], [0.0, 0.0, 1.0, 0.0, 0.11764705882352941], [0.0, 1.0, 1.0, 0.0, 0.47058823529411764], [0.18888888888888888, 0.0, 0.0, 0.0, 1.0], [0.0, 0.0, 0.0, 0.0, 1.0], [0.12222222222222222, 1.0, 0.0, 0.0, 1.0], [0.0, 1.0, 0.0, 0.0, 1.0], [0.16666666666666666, 0.0, 1.0, 0.0, 1.0000000000000002], [0.10000000000000002, 1.0, 1.0, 0.0, 1.0], [0.0, 0.0, 1.0, 0.0, 1.0], [0.0, 1.0, 1.0, 0.0, 1.0], [0.14444444444444443, 0.0, 0.0, 1.0, 1.0], [0.07777777777777778, 1.0, 0.0, 1.0, 1.0000000000000002], [0.12222222222222222, 0.0, 1.0, 1.0, 1.0000000000000002], [0.055555555555555566, 1.0, 1.0, 1.0, 1.0], [0.0, 0.0, 0.0, 1.0, 1.0], [0.0, 1.0, 0.0, 1.0, 1.0], [0.0, 0.0, 1.0, 1.0, 1.0], [0.0, 1.0, 1.0, 1.0, 1.0]], Record: (-90, -6, -2, -4, 17, 0.0)




Dimension = 2
vertex: [[1.0, 0.0], [0.0, 0.0], [0.0, 1.0], [1.0, 1.0]]

intersection (Ax + b = 0)
coefficients:  [-38.  28.] constant:  0.0
values:  [-38.   0.  28. -10.]
result:  True

intersection (Ax + b = 0)
coefficients:  [ 4. 56.] constant:  0.0
values:  [ 4.  0. 56. 60.]
result:  False


Dimension = 3
vertex: [[1.0, 1.0, 0.0], [0.0, 1.0, 0.0], [0.0, 0.0, 0.0], [1.0, 0.0, 0.0], [0.0, 0.0, 1.0], [1.0, 0.0, 1.0], [0.0, 1.0, 1.0], [1.0, 1.0, 1.0]]

intersection (Ax + b = 0)
coefficients:  [ 44.  45. -36.] constant:  0.0
values:  [ 89.  45.   0.  44. -36.   8.   9.  53.]
result:  True

intersection (Ax + b = 0)
coefficients:  [29. 28. 15.] constant:  0.0
values:  [57. 28.  0. 29. 15. 44. 43. 72.]
result:  False



Dimension = 4
vertex: [[1.0, 1.0, 1.0, 0.0], [0.0, 1.0, 1.0, 0.0], [1.0, 0.0, 1.0, 0.0], [0.0, 0.0, 1.0, 0.0], [1.0, 0.0, 0.0, 0.0], [0.0, 0.0, 0.0, 0.0], [0.0, 1.0, 0.0, 0.0], [1.0, 1.0, 0.0, 0.0], [0.0, 0.0, 0.0, 1.0], [1.0, 0.0, 0.0, 1.0], [0.0, 1.0, 0.0, 1.0], [1.0, 1.0, 0.0, 1.0], [0.0, 0.0, 1.0, 1.0], [1.0, 0.0, 1.0, 1.0], [0.0, 1.0, 1.0, 1.0], [1.0, 1.0, 1.0, 1.0]]

intersection (Ax + b = 0)
coefficients:  [  4.  59. -20.  21.] constant:  0.0
values:  [ 43.  39. -16. -20.   4.   0.  59.  63.  21.  25.  80.  84.   1.   5.
  60.  64.]
result:  True

intersection (Ax + b = 0)
coefficients:  [36. 83. 13. 39.] constant:  0.0
values:  [132.  96.  49.  13.  36.   0.  83. 119.  39.  75. 122. 158.  52.  88.
 135. 171.]
result:  False



Dimension = 5
vertex:  [[1.0, 1.0, 1.0, 1.0, 0.0], [0.0, 1.0, 1.0, 1.0, 0.0], [1.0, 0.0, 1.0, 1.0, 0.0], [0.0, 0.0, 1.0, 1.0, 0.0], [1.0, 1.0, 0.0, 1.0, 0.0], [0.0, 1.0, 0.0, 1.0, 0.0], [1.0, 0.0, 0.0, 1.0, 0.0], [0.0, 0.0, 0.0, 1.0, 0.0], [1.0, 1.0, 0.0, 0.0, 0.0], [0.0, 1.0, 0.0, 0.0, 0.0], [0.0, 0.0, 0.0, 0.0, 0.0], [1.0, 0.0, 0.0, 0.0, 0.0], [0.0, 0.0, 1.0, 0.0, 0.0], [1.0, 0.0, 1.0, 0.0, 0.0], [0.0, 1.0, 1.0, 0.0, 0.0], [1.0, 1.0, 1.0, 0.0, 0.0], [0.0, 0.0, 0.0, 0.0, 1.0], [1.0, 0.0, 0.0, 0.0, 1.0], [0.0, 1.0, 0.0, 0.0, 1.0], [1.0, 1.0, 0.0, 0.0, 1.0], [0.0, 0.0, 1.0, 0.0, 1.0], [1.0, 0.0, 1.0, 0.0, 1.0], [0.0, 1.0, 1.0, 0.0, 1.0], [1.0, 1.0, 1.0, 0.0, 1.0], [0.0, 0.0, 0.0, 1.0, 1.0], [1.0, 0.0, 0.0, 1.0, 1.0], [0.0, 1.0, 0.0, 1.0, 1.0], [1.0, 1.0, 0.0, 1.0, 1.0], [0.0, 0.0, 1.0, 1.0, 1.0], [1.0, 0.0, 1.0, 1.0, 1.0], [0.0, 1.0, 1.0, 1.0, 1.0], [1.0, 1.0, 1.0, 1.0, 1.0]]

intersection (Ax + b = 0)
coefficients:  [-90.  -6.  -2.  -4.  17.] constant:  0.0
values:  [-102.  -12.  -96.   -6. -100.  -10.  -94.   -4.  -96.   -6.    0.  -90.
   -2.  -92.   -8.  -98.   17.  -73.   11.  -79.   15.  -75.    9.  -81.
   13.  -77.    7.  -83.   11.  -79.    5.  -85.]
result:  True

intersection (Ax + b = 0)
coefficients:  [-30. -44. -48. -68. -47.] constant:  0.0
values:  [-190. -160. -146. -116. -142. -112.  -98.  -68.  -74.  -44.    0.  -30.
  -48.  -78.  -92. -122.  -47.  -77.  -91. -121.  -95. -125. -139. -169.
 -115. -145. -159. -189. -163. -193. -207. -237.]
result:  False

Dimension = 2
constraints for the original domain: (Ax + b > 0)
(1, 0, 0) 	=> 1 * x1  + 0 * x2 + 0 >= 0
(-1, 0, 1)  => -1 * x1 + 0 * x2  + 1 >= 0
(0, 1, 0) 	=> 0 * x1 + 1 * x2  + 0 >= 0
(0, -1, 1)	 => 0 * x1 + -1 * x2  + 1 >= 0

computed vertex: [[1.0, 0.0], [0.0, 0.0], [0.0, 1.0], [1.0, 1.0]]

Number of vertices: 4

Dimension = 3
constraints for the original domain: (Ax + b > 0)
(1, 0, 0, 0)
(-1, 0, 0, 1)
(0, 1, 0, 0)
(0, -1, 0, 1)
(0, 0, 1, 0)
(0, 0, -1, 1)

computed vertex: [[1.0, 1.0, 0.0], [0.0, 1.0, 0.0], [0.0, 0.0, 0.0], [1.0, 0.0, 0.0], [0.0, 0.0, 1.0], [1.0, 0.0, 1.0], [0.0, 1.0, 1.0], [1.0, 1.0, 1.0]]

Number of vertices: 8

Dimension = 4
constraints for the original domain: (Ax + b > 0)
(1, 0, 0, 0, 0)
(-1, 0, 0, 0, 1)
(0, 1, 0, 0, 0)
(0, -1, 0, 0, 1)
(0, 0, 1, 0, 0)
(0, 0, -1, 0, 1)
(0, 0, 0, 1, 0)
(0, 0, 0, -1, 1)

computed vertex: [[1.0, 1.0, 1.0, 0.0], [0.0, 1.0, 1.0, 0.0], [1.0, 0.0, 1.0, 0.0], [0.0, 0.0, 1.0, 0.0], [1.0, 0.0, 0.0, 0.0], [0.0, 0.0, 0.0, 0.0], [0.0, 1.0, 0.0, 0.0], [1.0, 1.0, 0.0, 0.0], [0.0, 0.0, 0.0, 1.0], [1.0, 0.0, 0.0, 1.0], [0.0, 1.0, 0.0, 1.0], [1.0, 1.0, 0.0, 1.0], [0.0, 0.0, 1.0, 1.0], [1.0, 0.0, 1.0, 1.0], [0.0, 1.0, 1.0, 1.0], [1.0, 1.0, 1.0, 1.0]]

Number of vertices: 16

Dimension = 5
constraints for the original domain: (Ax + b > 0)
(1, 0, 0, 0, 0, 0)
(-1, 0, 0, 0, 0, 1)
(0, 1, 0, 0, 0, 0)
(0, -1, 0, 0, 0, 1)
(0, 0, 1, 0, 0, 0)
(0, 0, -1, 0, 0, 1)
(0, 0, 0, 1, 0, 0)
(0, 0, 0, -1, 0, 1)
(0, 0, 0, 0, 1, 0)
(0, 0, 0, 0, -1, 1)

computed vertex:  [[1.0, 1.0, 1.0, 1.0, 0.0], [0.0, 1.0, 1.0, 1.0, 0.0], [1.0, 0.0, 1.0, 1.0, 0.0], [0.0, 0.0, 1.0, 1.0, 0.0], [1.0, 1.0, 0.0, 1.0, 0.0], [0.0, 1.0, 0.0, 1.0, 0.0], [1.0, 0.0, 0.0, 1.0, 0.0], [0.0, 0.0, 0.0, 1.0, 0.0], [1.0, 1.0, 0.0, 0.0, 0.0], [0.0, 1.0, 0.0, 0.0, 0.0], [0.0, 0.0, 0.0, 0.0, 0.0], [1.0, 0.0, 0.0, 0.0, 0.0], [0.0, 0.0, 1.0, 0.0, 0.0], [1.0, 0.0, 1.0, 0.0, 0.0], [0.0, 1.0, 1.0, 0.0, 0.0], [1.0, 1.0, 1.0, 0.0, 0.0], [0.0, 0.0, 0.0, 0.0, 1.0], [1.0, 0.0, 0.0, 0.0, 1.0], [0.0, 1.0, 0.0, 0.0, 1.0], [1.0, 1.0, 0.0, 0.0, 1.0], [0.0, 0.0, 1.0, 0.0, 1.0], [1.0, 0.0, 1.0, 0.0, 1.0], [0.0, 1.0, 1.0, 0.0, 1.0], [1.0, 1.0, 1.0, 0.0, 1.0], [0.0, 0.0, 0.0, 1.0, 1.0], [1.0, 0.0, 0.0, 1.0, 1.0], [0.0, 1.0, 0.0, 1.0, 1.0], [1.0, 1.0, 0.0, 1.0, 1.0], [0.0, 0.0, 1.0, 1.0, 1.0], [1.0, 0.0, 1.0, 1.0, 1.0], [0.0, 1.0, 1.0, 1.0, 1.0], [1.0, 1.0, 1.0, 1.0, 1.0]]

Number of vertices: 32
