Dimension = 2
         x1        x2covered: 6/6 depth: 2 queue length: 0                              
0  3.000000  4.000000
1  2.000000  4.000000
2  1.600000  2.000000
3  1.600000  0.700000
4  2.333333  0.333333
5  4.000000  2.000000
Elapsed time: 0.01233315 seconds.
Vertices: [[2.33333333, 0.33333333], [1.6, 2.0], [1.6, 0.7], [2.0, 4.0], [3.0, 4.0], [4.0, 2.0]]
Elapsed time: 0.00007987 seconds.

Dimension = 10
len(vertices): 1024
Elapsed time: 0.00501513 seconds.
      x01  x02  x03  x04  x05  x06  x07  x08  x09  x10 length: 0                                
0     1.0  1.0  1.0  1.0  1.0  1.0  1.0  1.0  1.0  1.0
1     0.0  1.0  1.0  1.0  1.0  1.0  1.0  1.0  1.0  1.0
2     0.0  0.0  1.0  1.0  1.0  1.0  1.0  1.0  1.0  1.0
3     0.0  0.0  0.0  1.0  1.0  1.0  1.0  1.0  1.0  1.0
4     1.0  0.0  0.0  1.0  1.0  1.0  1.0  1.0  1.0  1.0
...   ...  ...  ...  ...  ...  ...  ...  ...  ...  ...
1019  1.0  1.0  1.0  1.0  1.0  0.0  1.0  1.0  1.0  1.0
1020  1.0  1.0  1.0  1.0  1.0  1.0  0.0  1.0  1.0  1.0
1021  1.0  1.0  1.0  1.0  1.0  1.0  1.0  0.0  1.0  1.0
1022  1.0  1.0  1.0  1.0  1.0  1.0  1.0  1.0  0.0  1.0
1023  1.0  1.0  1.0  1.0  1.0  1.0  1.0  1.0  1.0  0.0

[1024 rows x 10 columns]
Elapsed time: 2.94875717 seconds.
